## x y
 -66.09 593.60
 -23.71 575.12
   9.47 571.75
  54.81 577.27
 111.89 598.81
 146.81 600.03
 164.88 609.12
 163.05 645.68
 169.47 658.03
 227.68 684.17
 250.15 684.99
 290.59 680.70
 323.98 668.75
 331.84 663.14
 348.48 636.68
 406.68 590.94
 452.73 565.93
 493.58 553.47
 517.16 550.11
 636.53 558.37
 715.15 553.47
 773.97 564.09
 813.79 565.51
 825.22 556.33
 836.15 527.44
 832.58 460.15
 836.25 452.58
 861.07 434.11
 864.74 425.94
 866.17 403.88
 855.34 369.37
 854.12 352.62
 862.80 315.35
 879.65 274.61
