##         x       y
1  1397612 4919286
2  1398137 4919318
3  1398243 4919770
4  1398195 4920391
5  1397992 4920793
6  1398089 4921204
7  1397957 4921602
8  1398256 4921876
9  1398242 4922205
10 1398382 4922750
11 1402297 4923842
12 1401738 4923606
13 1401229 4923609
14 1400738 4923436
15 1400248 4923377
16 1400748 4923090
17 1401362 4923143
18 1401879 4923147
19 1402450 4923307
20 1399813 4923290
21 1400472 4925705
22 1400670 4925926
23 1400934 4926236
24 1401140 4926734
25 1401596 4926591
26 1402103 4926368
27 1400903 4927269
28 1401442 4927377
29 1401649 4927791
30 1401901 4928129
